tiempo,temperatura 
0.000,80.000 
0.000,79.971 
0.001,79.941 
0.001,79.912 
0.002,79.883 
0.002,79.854 
0.003,79.824 
0.003,79.795 
0.004,79.766 
0.004,79.737 
0.005,79.708 
0.005,79.679 
0.006,79.649 
0.006,79.620 
0.007,79.591 
0.007,79.562 
0.008,79.533 
0.008,79.504 
0.009,79.475 
0.009,79.446 
0.010,79.417 
0.010,79.388 
0.011,79.359 
0.011,79.330 
0.012,79.301 
0.012,79.272 
0.013,79.243 
0.013,79.214 
0.014,79.185 
0.014,79.156 
0.015,79.127 
0.015,79.099 
0.016,79.070 
0.016,79.041 
0.017,79.012 
0.017,78.983 
0.018,78.954 
0.018,78.926 
0.019,78.897 
0.019,78.868 
0.020,78.839 
0.020,78.811 
0.021,78.782 
0.021,78.753 
0.021,78.725 
0.022,78.696 
0.022,78.667 
0.023,78.639 
0.023,78.610 
0.024,78.581 
0.024,78.553 
0.025,78.524 
0.025,78.496 
0.026,78.467 
0.026,78.439 
0.027,78.410 
0.027,78.382 
0.028,78.353 
0.028,78.325 
0.029,78.296 
0.029,78.268 
0.030,78.239 
0.030,78.211 
0.031,78.182 
0.031,78.154 
0.032,78.126 
0.032,78.097 
0.033,78.069 
0.033,78.040 
0.034,78.012 
0.034,77.984 
0.035,77.956 
0.035,77.927 
0.036,77.899 
0.036,77.871 
0.037,77.842 
0.037,77.814 
0.038,77.786 
0.038,77.758 
0.039,77.730 
0.039,77.701 
0.040,77.673 
0.040,77.645 
0.041,77.617 
0.041,77.589 
0.042,77.561 
0.042,77.533 
0.042,77.505 
0.043,77.476 
0.043,77.448 
0.044,77.420 
0.044,77.392 
0.045,77.364 
0.045,77.336 
0.046,77.308 
0.046,77.280 
0.047,77.252 
0.047,77.224 
0.048,77.196 
0.048,77.169 
0.049,77.141 
0.049,77.113 
0.050,77.085 
0.050,77.057 
0.051,77.029 
0.051,77.001 
0.052,76.973 
0.052,76.946 
0.053,76.918 
0.053,76.890 
0.054,76.862 
0.054,76.835 
0.055,76.807 
0.055,76.779 
0.056,76.751 
0.056,76.724 
0.057,76.696 
0.057,76.668 
0.058,76.641 
0.058,76.613 
0.059,76.585 
0.059,76.558 
0.060,76.530 
0.060,76.503 
0.061,76.475 
0.061,76.447 
0.062,76.420 
0.062,76.392 
0.062,76.365 
0.063,76.337 
0.063,76.310 
0.064,76.282 
0.064,76.255 
0.065,76.227 
0.065,76.200 
0.066,76.172 
0.066,76.145 
0.067,76.118 
0.067,76.090 
0.068,76.063 
0.068,76.035 
0.069,76.008 
0.069,75.981 
0.070,75.953 
0.070,75.926 
0.071,75.899 
0.071,75.871 
0.072,75.844 
0.072,75.817 
0.073,75.790 
0.073,75.762 
0.074,75.735 
0.074,75.708 
0.075,75.681 
0.075,75.654 
0.076,75.626 
0.076,75.599 
0.077,75.572 
0.077,75.545 
0.078,75.518 
0.078,75.491 
0.079,75.464 
0.079,75.437 
0.080,75.410 
0.080,75.383 
0.081,75.356 
0.081,75.328 
0.082,75.301 
0.082,75.274 
0.083,75.248 
0.083,75.220 
0.083,75.194 
0.084,75.167 
0.084,75.140 
0.085,75.113 
0.085,75.086 
0.086,75.059 
0.086,75.032 
0.087,75.005 
0.087,74.978 
0.088,74.952 
0.088,74.925 
0.089,74.898 
0.089,74.871 
0.090,74.844 
0.090,74.818 
0.091,74.791 
0.091,74.764 
0.092,74.737 
0.092,74.711 
0.093,74.684 
0.093,74.657 
0.094,74.630 
0.094,74.604 
0.095,74.577 
0.095,74.551 
0.096,74.524 
0.096,74.497 
0.097,74.471 
0.097,74.444 
0.098,74.417 
0.098,74.391 
0.099,74.364 
0.099,74.338 
0.100,74.311 
0.100,74.285 
0.101,74.258 
0.101,74.232 
0.102,74.205 
0.102,74.179 
0.103,74.152 
0.103,74.126 
0.104,74.100 
0.104,74.073 
0.104,74.047 
0.105,74.020 
0.105,73.994 
0.106,73.968 
0.106,73.941 
0.107,73.915 
0.107,73.889 
0.108,73.862 
0.108,73.836 
0.109,73.810 
0.109,73.783 
0.110,73.757 
0.110,73.731 
0.111,73.705 
0.111,73.679 
0.112,73.652 
0.112,73.626 
0.113,73.600 
0.113,73.574 
0.114,73.548 
0.114,73.522 
0.115,73.495 
0.115,73.469 
0.116,73.443 
0.116,73.417 
0.117,73.391 
0.117,73.365 
0.118,73.339 
0.118,73.313 
0.119,73.287 
0.119,73.261 
0.120,73.235 
0.120,73.209 
0.121,73.183 
0.121,73.157 
0.122,73.131 
0.122,73.105 
0.123,73.079 
0.123,73.053 
0.124,73.027 
0.124,73.001 
0.125,72.976 
0.125,72.950 
0.125,72.924 
0.126,72.898 
0.126,72.872 
0.127,72.846 
0.127,72.821 
0.128,72.795 
0.128,72.769 
0.129,72.743 
0.129,72.718 
0.130,72.692 
0.130,72.666 
0.131,72.640 
0.131,72.615 
0.132,72.589 
0.132,72.563 
0.133,72.538 
0.133,72.512 
0.134,72.486 
0.134,72.461 
0.135,72.435 
0.135,72.410 
0.136,72.384 
0.136,72.358 
0.137,72.333 
0.137,72.307 
0.138,72.282 
0.138,72.256 
0.139,72.231 
0.139,72.205 
0.140,72.180 
0.140,72.154 
0.141,72.129 
0.141,72.103 
0.142,72.078 
0.142,72.053 
0.143,72.027 
0.143,72.002 
0.144,71.976 
0.144,71.951 
0.145,71.925 
0.145,71.900 
0.146,71.875 
0.146,71.850 
0.146,71.824 
0.147,71.799 
0.147,71.774 
0.148,71.748 
0.148,71.723 
0.149,71.698 
0.149,71.673 
0.150,71.647 
0.150,71.622 
0.151,71.597 
0.151,71.572 
0.152,71.547 
0.152,71.521 
0.153,71.496 
0.153,71.471 
0.154,71.446 
0.154,71.421 
0.155,71.396 
0.155,71.371 
0.156,71.346 
0.156,71.321 
0.157,71.296 
0.157,71.270 
0.158,71.246 
0.158,71.220 
0.159,71.196 
0.159,71.170 
0.160,71.146 
0.160,71.120 
0.161,71.096 
0.161,71.071 
0.162,71.046 
0.162,71.021 
0.163,70.996 
0.163,70.971 
0.164,70.946 
0.164,70.921 
0.165,70.896 
0.165,70.871 
0.166,70.847 
0.166,70.822 
0.167,70.797 
0.167,70.772 
0.167,70.748 
0.168,70.723 
0.168,70.698 
0.169,70.673 
0.169,70.648 
0.170,70.624 
0.170,70.599 
0.171,70.574 
0.171,70.550 
0.172,70.525 
0.172,70.500 
0.173,70.475 
0.173,70.451 
0.174,70.426 
0.174,70.402 
0.175,70.377 
0.175,70.353 
0.176,70.328 
0.176,70.303 
0.177,70.279 
0.177,70.254 
0.178,70.230 
0.178,70.205 
0.179,70.181 
0.179,70.156 
0.180,70.132 
0.180,70.107 
0.181,70.083 
0.181,70.058 
0.182,70.034 
0.182,70.010 
0.183,69.985 
0.183,69.961 
0.184,69.936 
0.184,69.912 
0.185,69.887 
0.185,69.863 
0.186,69.839 
0.186,69.815 
0.187,69.790 
0.187,69.766 
0.188,69.742 
0.188,69.717 
0.188,69.693 
0.189,69.669 
0.189,69.644 
0.190,69.620 
0.190,69.596 
0.191,69.572 
0.191,69.548 
0.192,69.524 
0.192,69.499 
0.193,69.475 
0.193,69.451 
0.194,69.427 
0.194,69.403 
0.195,69.379 
0.195,69.354 
0.196,69.330 
0.196,69.306 
0.197,69.282 
0.197,69.258 
0.198,69.234 
0.198,69.210 
0.199,69.186 
0.199,69.162 
0.200,69.138 
0.200,69.114 
0.201,69.090 
0.201,69.066 
0.202,69.042 
0.202,69.018 
0.203,68.994 
0.203,68.970 
0.204,68.947 
0.204,68.923 
0.205,68.899 
0.205,68.875 
0.206,68.851 
0.206,68.827 
0.207,68.803 
0.207,68.779 
0.208,68.756 
0.208,68.732 
0.208,68.708 
0.209,68.684 
0.209,68.661 
0.210,68.637 
0.210,68.613 
0.211,68.589 
0.211,68.566 
0.212,68.542 
0.212,68.518 
0.213,68.494 
0.213,68.471 
0.214,68.447 
0.214,68.424 
0.215,68.400 
0.215,68.376 
0.216,68.353 
0.216,68.329 
0.217,68.305 
0.217,68.282 
0.218,68.258 
0.218,68.235 
0.219,68.211 
0.219,68.188 
0.220,68.164 
0.220,68.141 
0.221,68.117 
0.221,68.094 
0.222,68.070 
0.222,68.047 
0.223,68.023 
0.223,68.000 
0.224,67.976 
0.224,67.953 
0.225,67.929 
0.225,67.906 
0.226,67.883 
0.226,67.859 
0.227,67.836 
0.227,67.813 
0.228,67.789 
0.228,67.766 
0.229,67.743 
0.229,67.719 
0.229,67.696 
0.230,67.673 
0.230,67.649 
0.231,67.626 
0.231,67.603 
0.232,67.580 
0.232,67.557 
0.233,67.533 
0.233,67.510 
0.234,67.487 
0.234,67.464 
0.235,67.441 
0.235,67.417 
0.236,67.394 
0.236,67.371 
0.237,67.348 
0.237,67.325 
0.238,67.302 
0.238,67.279 
0.239,67.256 
0.239,67.233 
0.240,67.210 
0.240,67.186 
0.241,67.164 
0.241,67.140 
0.242,67.117 
0.242,67.094 
0.243,67.072 
0.243,67.048 
0.244,67.026 
0.244,67.002 
0.245,66.980 
0.245,66.957 
0.246,66.934 
0.246,66.911 
0.247,66.888 
0.247,66.865 
0.248,66.842 
0.248,66.819 
0.249,66.797 
0.249,66.774 
0.250,66.751 
0.250,66.728 
0.250,66.705 
0.251,66.682 
0.251,66.660 
0.252,66.637 
0.252,66.614 
0.253,66.591 
0.253,66.569 
0.254,66.546 
0.254,66.523 
0.255,66.500 
0.255,66.478 
0.256,66.455 
0.256,66.432 
0.257,66.410 
0.257,66.387 
0.258,66.364 
0.258,66.342 
0.259,66.319 
0.259,66.297 
0.260,66.274 
0.260,66.251 
0.261,66.229 
0.261,66.206 
0.262,66.183 
0.262,66.161 
0.263,66.138 
0.263,66.116 
0.264,66.093 
0.264,66.071 
0.265,66.048 
0.265,66.026 
0.266,66.003 
0.266,65.981 
0.267,65.959 
0.267,65.936 
0.268,65.914 
0.268,65.891 
0.269,65.869 
0.269,65.847 
0.270,65.824 
0.270,65.802 
0.271,65.779 
0.271,65.757 
0.271,65.735 
0.272,65.712 
0.272,65.690 
0.273,65.668 
0.273,65.645 
0.274,65.623 
0.274,65.601 
0.275,65.579 
0.275,65.556 
0.276,65.534 
0.276,65.512 
0.277,65.490 
0.277,65.467 
0.278,65.445 
0.278,65.423 
0.279,65.401 
0.279,65.379 
0.280,65.357 
0.280,65.334 
0.281,65.312 
0.281,65.290 
0.282,65.268 
0.282,65.246 
0.283,65.224 
0.283,65.202 
0.284,65.180 
0.284,65.158 
0.285,65.136 
0.285,65.114 
0.286,65.092 
0.286,65.070 
0.287,65.048 
0.287,65.026 
0.288,65.004 
0.288,64.982 
0.289,64.960 
0.289,64.938 
0.290,64.916 
0.290,64.894 
0.291,64.872 
0.291,64.850 
0.292,64.828 
0.292,64.806 
0.292,64.785 
0.293,64.763 
0.293,64.741 
0.294,64.719 
0.294,64.697 
0.295,64.675 
0.295,64.654 
0.296,64.632 
0.296,64.610 
0.297,64.588 
0.297,64.566 
0.298,64.544 
0.298,64.523 
0.299,64.501 
0.299,64.479 
0.300,64.458 
0.300,64.436 
0.301,64.414 
0.301,64.393 
0.302,64.371 
0.302,64.349 
0.303,64.327 
0.303,64.306 
0.304,64.284 
0.304,64.263 
0.305,64.241 
0.305,64.220 
0.306,64.198 
0.306,64.176 
0.307,64.155 
0.307,64.133 
0.308,64.112 
0.308,64.090 
0.309,64.069 
0.309,64.047 
0.310,64.026 
0.310,64.004 
0.311,63.983 
0.311,63.961 
0.312,63.940 
0.312,63.918 
0.312,63.897 
0.313,63.875 
0.313,63.854 
0.314,63.833 
0.314,63.811 
0.315,63.790 
0.315,63.768 
0.316,63.747 
0.316,63.726 
0.317,63.704 
0.317,63.683 
0.318,63.662 
0.318,63.640 
0.319,63.619 
0.319,63.598 
0.320,63.577 
0.320,63.555 
0.321,63.534 
0.321,63.513 
0.322,63.492 
0.322,63.470 
0.323,63.449 
0.323,63.428 
0.324,63.407 
0.324,63.385 
0.325,63.364 
0.325,63.343 
0.326,63.322 
0.326,63.301 
0.327,63.280 
0.327,63.258 
0.328,63.237 
0.328,63.216 
0.329,63.195 
0.329,63.174 
0.330,63.153 
0.330,63.132 
0.331,63.111 
0.331,63.090 
0.332,63.069 
0.332,63.048 
0.333,63.027 
0.333,63.006 
0.333,62.985 
0.334,62.964 
0.334,62.943 
0.335,62.922 
0.335,62.901 
0.336,62.880 
0.336,62.859 
0.337,62.838 
0.337,62.817 
0.338,62.796 
0.338,62.775 
0.339,62.754 
0.339,62.734 
0.340,62.713 
0.340,62.692 
0.341,62.671 
0.341,62.650 
0.342,62.629 
0.342,62.609 
0.343,62.588 
0.343,62.567 
0.344,62.546 
0.344,62.526 
0.345,62.505 
0.345,62.484 
0.346,62.463 
0.346,62.443 
0.347,62.422 
0.347,62.401 
0.348,62.380 
0.348,62.360 
0.349,62.339 
0.349,62.318 
0.350,62.298 
0.350,62.277 
0.351,62.256 
0.351,62.236 
0.352,62.215 
0.352,62.195 
0.353,62.174 
0.353,62.153 
0.354,62.133 
0.354,62.112 
0.354,62.092 
0.355,62.071 
0.355,62.050 
0.356,62.030 
0.356,62.009 
0.357,61.989 
0.357,61.968 
0.358,61.948 
0.358,61.927 
0.359,61.907 
0.359,61.887 
0.360,61.866 
0.360,61.846 
0.361,61.825 
0.361,61.805 
0.362,61.785 
0.362,61.764 
0.363,61.744 
0.363,61.723 
0.364,61.703 
0.364,61.683 
0.365,61.662 
0.365,61.642 
0.366,61.622 
0.366,61.601 
0.367,61.581 
0.367,61.561 
0.368,61.540 
0.368,61.520 
0.369,61.500 
0.369,61.479 
0.370,61.459 
0.370,61.439 
0.371,61.419 
0.371,61.399 
0.372,61.379 
0.372,61.358 
0.373,61.338 
0.373,61.318 
0.374,61.298 
0.374,61.277 
0.375,61.257 
0.375,61.237 
0.375,61.217 
0.376,61.197 
0.376,61.177 
0.377,61.157 
0.377,61.137 
0.378,61.117 
0.378,61.097 
0.379,61.076 
0.379,61.057 
0.380,61.036 
0.380,61.016 
0.381,60.996 
0.381,60.976 
0.382,60.956 
0.382,60.936 
0.383,60.916 
0.383,60.896 
0.384,60.876 
0.384,60.857 
0.385,60.836 
0.385,60.817 
0.386,60.797 
0.386,60.777 
0.387,60.757 
0.387,60.737 
0.388,60.717 
0.388,60.697 
0.389,60.677 
0.389,60.658 
0.390,60.638 
0.390,60.618 
0.391,60.598 
0.391,60.578 
0.392,60.558 
0.392,60.539 
0.393,60.519 
0.393,60.499 
0.394,60.479 
0.394,60.459 
0.395,60.440 
0.395,60.420 
0.396,60.400 
0.396,60.381 
0.396,60.361 
0.397,60.341 
0.397,60.321 
0.398,60.302 
0.398,60.282 
0.399,60.262 
0.399,60.243 
0.400,60.223 
0.400,60.203 
0.401,60.184 
0.401,60.164 
0.402,60.145 
0.402,60.125 
0.403,60.105 
0.403,60.086 
0.404,60.066 
0.404,60.047 
0.405,60.027 
0.405,60.007 
0.406,59.988 
0.406,59.968 
0.407,59.949 
0.407,59.929 
0.408,59.910 
0.408,59.890 
0.409,59.871 
0.409,59.851 
0.410,59.832 
0.410,59.813 
0.411,59.793 
0.411,59.774 
0.412,59.755 
0.412,59.735 
0.413,59.716 
0.413,59.696 
0.414,59.677 
0.414,59.657 
0.415,59.638 
0.415,59.619 
0.416,59.600 
0.416,59.580 
0.417,59.561 
0.417,59.541 
0.417,59.522 
0.418,59.503 
0.418,59.484 
0.419,59.464 
0.419,59.445 
0.420,59.426 
0.420,59.407 
0.421,59.387 
0.421,59.368 
0.422,59.349 
0.422,59.330 
0.423,59.310 
0.423,59.291 
0.424,59.272 
0.424,59.253 
0.425,59.234 
0.425,59.215 
0.426,59.195 
0.426,59.176 
0.427,59.157 
0.427,59.138 
0.428,59.119 
0.428,59.100 
0.429,59.081 
0.429,59.062 
0.430,59.043 
0.430,59.024 
0.431,59.004 
0.431,58.986 
0.432,58.966 
0.432,58.948 
0.433,58.928 
0.433,58.910 
0.434,58.890 
0.434,58.872 
0.435,58.852 
0.435,58.834 
0.436,58.814 
0.436,58.796 
0.437,58.777 
0.437,58.758 
0.438,58.739 
0.438,58.720 
0.438,58.701 
0.439,58.682 
0.439,58.663 
0.440,58.644 
0.440,58.625 
0.441,58.607 
0.441,58.588 
0.442,58.569 
0.442,58.550 
0.443,58.531 
0.443,58.512 
0.444,58.494 
0.444,58.475 
0.445,58.456 
0.445,58.437 
0.446,58.419 
0.446,58.400 
0.447,58.381 
0.447,58.362 
0.448,58.344 
0.448,58.325 
0.449,58.306 
0.449,58.287 
0.450,58.269 
0.450,58.250 
0.451,58.232 
0.451,58.213 
0.452,58.194 
0.452,58.175 
0.453,58.157 
0.453,58.138 
0.454,58.120 
0.454,58.101 
0.455,58.083 
0.455,58.064 
0.456,58.045 
0.456,58.027 
0.457,58.008 
0.457,57.989 
0.458,57.971 
0.458,57.952 
0.458,57.934 
0.459,57.915 
0.459,57.897 
0.460,57.878 
0.460,57.860 
0.461,57.841 
0.461,57.823 
0.462,57.804 
0.462,57.786 
0.463,57.768 
0.463,57.749 
0.464,57.731 
0.464,57.712 
0.465,57.694 
0.465,57.676 
0.466,57.657 
0.466,57.639 
0.467,57.620 
0.467,57.602 
0.468,57.584 
0.468,57.565 
0.469,57.547 
0.469,57.529 
0.470,57.510 
0.470,57.492 
0.471,57.474 
0.471,57.456 
0.472,57.437 
0.472,57.419 
0.473,57.400 
0.473,57.382 
0.474,57.364 
0.474,57.346 
0.475,57.327 
0.475,57.309 
0.476,57.291 
0.476,57.273 
0.477,57.255 
0.477,57.237 
0.478,57.218 
0.478,57.200 
0.479,57.182 
0.479,57.164 
0.479,57.146 
0.480,57.128 
0.480,57.109 
0.481,57.092 
0.481,57.073 
0.482,57.055 
0.482,57.037 
0.483,57.019 
0.483,57.001 
0.484,56.983 
0.484,56.965 
0.485,56.947 
0.485,56.929 
0.486,56.911 
0.486,56.893 
0.487,56.875 
0.487,56.857 
0.488,56.839 
0.488,56.821 
0.489,56.803 
0.489,56.785 
0.490,56.767 
0.490,56.749 
0.491,56.731 
0.491,56.713 
0.492,56.695 
0.492,56.677 
0.493,56.659 
0.493,56.641 
0.494,56.624 
0.494,56.606 
0.495,56.588 
0.495,56.570 
0.496,56.552 
0.496,56.534 
0.497,56.516 
0.497,56.498 
0.498,56.481 
0.498,56.463 
0.499,56.445 
0.499,56.427 
0.500,56.410 
0.500,56.392 
0.500,56.374 
0.501,56.356 
0.501,56.339 
0.502,56.321 
0.502,56.303 
0.503,56.285 
0.503,56.268 
0.504,56.250 
0.504,56.232 
0.505,56.214 
0.505,56.197 
0.506,56.179 
0.506,56.162 
0.507,56.144 
0.507,56.126 
0.508,56.108 
0.508,56.091 
0.509,56.073 
0.509,56.056 
0.510,56.038 
0.510,56.021 
0.511,56.003 
0.511,55.985 
0.512,55.968 
0.512,55.950 
0.513,55.933 
0.513,55.915 
0.514,55.898 
0.514,55.880 
0.515,55.862 
0.515,55.845 
0.516,55.827 
0.516,55.810 
0.517,55.793 
0.517,55.775 
0.518,55.758 
0.518,55.740 
0.519,55.723 
0.519,55.705 
0.520,55.688 
0.520,55.671 
0.521,55.653 
0.521,55.636 
0.521,55.618 
0.522,55.601 
0.522,55.583 
0.523,55.566 
0.523,55.549 
0.524,55.531 
0.524,55.514 
0.525,55.497 
0.525,55.479 
0.526,55.462 
0.526,55.445 
0.527,55.428 
0.527,55.410 
0.528,55.393 
0.528,55.376 
0.529,55.358 
0.529,55.341 
0.530,55.324 
0.530,55.307 
0.531,55.289 
0.531,55.272 
0.532,55.255 
0.532,55.238 
0.533,55.221 
0.533,55.203 
0.534,55.186 
0.534,55.169 
0.535,55.152 
0.535,55.135 
0.536,55.118 
0.536,55.100 
0.537,55.083 
0.537,55.066 
0.538,55.049 
0.538,55.032 
0.539,55.015 
0.539,54.998 
0.540,54.981 
0.540,54.963 
0.541,54.946 
0.541,54.929 
0.542,54.912 
0.542,54.895 
0.542,54.878 
0.543,54.861 
0.543,54.844 
0.544,54.827 
0.544,54.810 
0.545,54.793 
0.545,54.776 
0.546,54.759 
0.546,54.742 
0.547,54.725 
0.547,54.708 
0.548,54.691 
0.548,54.675 
0.549,54.657 
0.549,54.641 
0.550,54.624 
0.550,54.607 
0.551,54.590 
0.551,54.573 
0.552,54.556 
0.552,54.539 
0.553,54.522 
0.553,54.506 
0.554,54.489 
0.554,54.472 
0.555,54.455 
0.555,54.438 
0.556,54.421 
0.556,54.405 
0.557,54.388 
0.557,54.371 
0.558,54.354 
0.558,54.338 
0.559,54.321 
0.559,54.304 
0.560,54.287 
0.560,54.271 
0.561,54.254 
0.561,54.237 
0.562,54.220 
0.562,54.204 
0.562,54.187 
0.563,54.170 
0.563,54.153 
0.564,54.137 
0.564,54.120 
0.565,54.104 
0.565,54.087 
0.566,54.070 
0.566,54.054 
0.567,54.037 
0.567,54.020 
0.568,54.004 
0.568,53.987 
0.569,53.971 
0.569,53.954 
0.570,53.938 
0.570,53.921 
0.571,53.904 
0.571,53.888 
0.572,53.871 
0.572,53.855 
0.573,53.838 
0.573,53.822 
0.574,53.805 
0.574,53.789 
0.575,53.772 
0.575,53.756 
0.576,53.739 
0.576,53.723 
0.577,53.706 
0.577,53.690 
0.578,53.673 
0.578,53.657 
0.579,53.641 
0.579,53.624 
0.580,53.608 
0.580,53.591 
0.581,53.575 
0.581,53.558 
0.582,53.542 
0.582,53.526 
0.583,53.509 
0.583,53.493 
0.583,53.477 
0.584,53.460 
0.584,53.444 
0.585,53.428 
0.585,53.411 
0.586,53.395 
0.586,53.379 
0.587,53.362 
0.587,53.346 
0.588,53.330 
0.588,53.314 
0.589,53.297 
0.589,53.281 
0.590,53.265 
0.590,53.249 
0.591,53.232 
0.591,53.216 
0.592,53.200 
0.592,53.184 
0.593,53.167 
0.593,53.151 
0.594,53.135 
0.594,53.119 
0.595,53.103 
0.595,53.087 
0.596,53.070 
0.596,53.054 
0.597,53.038 
0.597,53.022 
0.598,53.006 
0.598,52.990 
0.599,52.974 
0.599,52.958 
0.600,52.942 
0.600,52.926 
0.601,52.909 
0.601,52.893 
0.602,52.877 
0.602,52.861 
0.603,52.845 
0.603,52.829 
0.604,52.813 
0.604,52.797 
0.604,52.781 
0.605,52.765 
0.605,52.749 
0.606,52.733 
0.606,52.717 
0.607,52.701 
0.607,52.685 
0.608,52.669 
0.608,52.653 
0.609,52.637 
0.609,52.621 
0.610,52.606 
0.610,52.590 
0.611,52.574 
0.611,52.558 
0.612,52.542 
0.612,52.526 
0.613,52.510 
0.613,52.494 
0.614,52.478 
0.614,52.463 
0.615,52.447 
0.615,52.431 
0.616,52.415 
0.616,52.399 
0.617,52.383 
0.617,52.368 
0.618,52.352 
0.618,52.336 
0.619,52.320 
0.619,52.304 
0.620,52.289 
0.620,52.273 
0.621,52.257 
0.621,52.241 
0.622,52.226 
0.622,52.210 
0.623,52.194 
0.623,52.178 
0.624,52.163 
0.624,52.147 
0.625,52.131 
0.625,52.116 
0.625,52.100 
0.626,52.084 
0.626,52.069 
0.627,52.053 
0.627,52.037 
0.628,52.022 
0.628,52.006 
0.629,51.990 
0.629,51.975 
0.630,51.959 
0.630,51.944 
0.631,51.928 
0.631,51.912 
0.632,51.897 
0.632,51.881 
0.633,51.866 
0.633,51.850 
0.634,51.835 
0.634,51.819 
0.635,51.804 
0.635,51.788 
0.636,51.773 
0.636,51.757 
0.637,51.741 
0.637,51.726 
0.638,51.711 
0.638,51.695 
0.639,51.680 
0.639,51.664 
0.640,51.649 
0.640,51.633 
0.641,51.618 
0.641,51.602 
0.642,51.587 
0.642,51.572 
0.643,51.556 
0.643,51.541 
0.644,51.525 
0.644,51.510 
0.645,51.494 
0.645,51.479 
0.646,51.464 
0.646,51.448 
0.646,51.433 
0.647,51.418 
0.647,51.402 
0.648,51.387 
0.648,51.372 
0.649,51.356 
0.649,51.341 
0.650,51.326 
0.650,51.310 
0.651,51.295 
0.651,51.280 
0.652,51.265 
0.652,51.249 
0.653,51.234 
0.653,51.219 
0.654,51.204 
0.654,51.188 
0.655,51.173 
0.655,51.158 
0.656,51.143 
0.656,51.128 
0.657,51.112 
0.657,51.097 
0.658,51.082 
0.658,51.067 
0.659,51.052 
0.659,51.036 
0.660,51.021 
0.660,51.006 
0.661,50.991 
0.661,50.976 
0.662,50.961 
0.662,50.946 
0.663,50.931 
0.663,50.915 
0.664,50.900 
0.664,50.885 
0.665,50.870 
0.665,50.855 
0.666,50.840 
0.666,50.825 
0.667,50.810 
0.667,50.795 
0.667,50.780 
0.668,50.765 
0.668,50.750 
0.669,50.735 
0.669,50.720 
0.670,50.705 
0.670,50.690 
0.671,50.675 
0.671,50.660 
0.672,50.645 
0.672,50.630 
0.673,50.615 
0.673,50.600 
0.674,50.585 
0.674,50.570 
0.675,50.555 
0.675,50.540 
0.676,50.525 
0.676,50.511 
0.677,50.496 
0.677,50.481 
0.678,50.466 
0.678,50.451 
0.679,50.436 
0.679,50.421 
0.680,50.406 
0.680,50.392 
0.681,50.377 
0.681,50.362 
0.682,50.347 
0.682,50.332 
0.683,50.318 
0.683,50.303 
0.684,50.288 
0.684,50.273 
0.685,50.258 
0.685,50.244 
0.686,50.229 
0.686,50.214 
0.687,50.199 
0.687,50.185 
0.688,50.170 
0.688,50.155 
0.688,50.140 
0.689,50.126 
0.689,50.111 
0.690,50.096 
0.690,50.082 
0.691,50.067 
0.691,50.052 
0.692,50.038 
0.692,50.023 
0.693,50.008 
0.693,49.994 
0.694,49.979 
0.694,49.964 
0.695,49.950 
0.695,49.935 
0.696,49.921 
0.696,49.906 
0.697,49.891 
0.697,49.877 
0.698,49.862 
0.698,49.848 
0.699,49.833 
0.699,49.818 
0.700,49.804 
0.700,49.789 
0.701,49.775 
0.701,49.760 
0.702,49.746 
0.702,49.731 
0.703,49.717 
0.703,49.702 
0.704,49.688 
0.704,49.673 
0.705,49.659 
0.705,49.644 
0.706,49.630 
0.706,49.615 
0.707,49.601 
0.707,49.586 
0.708,49.572 
0.708,49.557 
0.708,49.543 
0.709,49.529 
0.709,49.514 
0.710,49.500 
0.710,49.485 
0.711,49.471 
0.711,49.457 
0.712,49.442 
0.712,49.428 
0.713,49.413 
0.713,49.399 
0.714,49.385 
0.714,49.370 
0.715,49.356 
0.715,49.342 
0.716,49.327 
0.716,49.313 
0.717,49.299 
0.717,49.285 
0.718,49.270 
0.718,49.256 
0.719,49.242 
0.719,49.227 
0.720,49.213 
0.720,49.199 
0.721,49.185 
0.721,49.170 
0.722,49.156 
0.722,49.142 
0.723,49.128 
0.723,49.113 
0.724,49.099 
0.724,49.085 
0.725,49.071 
0.725,49.057 
0.726,49.042 
0.726,49.028 
0.727,49.014 
0.727,49.000 
0.728,48.986 
0.728,48.972 
0.729,48.957 
0.729,48.943 
0.729,48.929 
0.730,48.915 
0.730,48.901 
0.731,48.887 
0.731,48.873 
0.732,48.859 
0.732,48.845 
0.733,48.831 
0.733,48.816 
0.734,48.802 
0.734,48.788 
0.735,48.774 
0.735,48.760 
0.736,48.746 
0.736,48.732 
0.737,48.718 
0.737,48.704 
0.738,48.690 
0.738,48.676 
0.739,48.662 
0.739,48.648 
0.740,48.634 
0.740,48.620 
0.741,48.606 
0.741,48.592 
0.742,48.578 
0.742,48.564 
0.743,48.550 
0.743,48.536 
0.744,48.522 
0.744,48.508 
0.745,48.495 
0.745,48.481 
0.746,48.467 
0.746,48.453 
0.747,48.439 
0.747,48.425 
0.748,48.411 
0.748,48.397 
0.749,48.384 
0.749,48.370 
0.750,48.356 
0.750,48.342 
0.750,48.328 
0.751,48.314 
0.751,48.301 
0.752,48.287 
0.752,48.273 
0.753,48.259 
0.753,48.245 
0.754,48.231 
0.754,48.218 
0.755,48.204 
0.755,48.190 
0.756,48.176 
0.756,48.163 
0.757,48.149 
0.757,48.135 
0.758,48.121 
0.758,48.108 
0.759,48.094 
0.759,48.080 
0.760,48.066 
0.760,48.053 
0.761,48.039 
0.761,48.026 
0.762,48.012 
0.762,47.998 
0.763,47.984 
0.763,47.971 
0.764,47.957 
0.764,47.944 
0.765,47.930 
0.765,47.916 
0.766,47.903 
0.766,47.889 
0.767,47.875 
0.767,47.862 
0.768,47.848 
0.768,47.835 
0.769,47.821 
0.769,47.807 
0.770,47.794 
0.770,47.780 
0.771,47.767 
0.771,47.753 
0.771,47.740 
0.772,47.726 
0.772,47.712 
0.773,47.699 
0.773,47.685 
0.774,47.672 
0.774,47.658 
0.775,47.645 
0.775,47.631 
0.776,47.618 
0.776,47.604 
0.777,47.591 
0.777,47.577 
0.778,47.564 
0.778,47.551 
0.779,47.537 
0.779,47.524 
0.780,47.510 
0.780,47.497 
0.781,47.483 
0.781,47.470 
0.782,47.457 
0.782,47.443 
0.783,47.430 
0.783,47.416 
0.784,47.403 
0.784,47.390 
0.785,47.376 
0.785,47.363 
0.786,47.350 
0.786,47.336 
0.787,47.323 
0.787,47.309 
0.788,47.296 
0.788,47.283 
0.789,47.270 
0.789,47.256 
0.790,47.243 
0.790,47.230 
0.791,47.216 
0.791,47.203 
0.792,47.190 
0.792,47.176 
0.792,47.163 
0.793,47.150 
0.793,47.137 
0.794,47.123 
0.794,47.110 
0.795,47.097 
0.795,47.084 
0.796,47.070 
0.796,47.057 
0.797,47.044 
0.797,47.031 
0.798,47.018 
0.798,47.005 
0.799,46.991 
0.799,46.978 
0.800,46.965 
0.800,46.952 
0.801,46.939 
0.801,46.926 
0.802,46.912 
0.802,46.899 
0.803,46.886 
0.803,46.873 
0.804,46.860 
0.804,46.847 
0.805,46.834 
0.805,46.821 
0.806,46.807 
0.806,46.794 
0.807,46.781 
0.807,46.768 
0.808,46.755 
0.808,46.742 
0.809,46.729 
0.809,46.716 
0.810,46.703 
0.810,46.690 
0.811,46.677 
0.811,46.664 
0.812,46.651 
0.812,46.638 
0.812,46.625 
0.813,46.612 
0.813,46.599 
0.814,46.586 
0.814,46.573 
0.815,46.560 
0.815,46.547 
0.816,46.534 
0.816,46.521 
0.817,46.508 
0.817,46.495 
0.818,46.482 
0.818,46.469 
0.819,46.456 
0.819,46.443 
0.820,46.431 
0.820,46.418 
0.821,46.405 
0.821,46.392 
0.822,46.379 
0.822,46.366 
0.823,46.353 
0.823,46.340 
0.824,46.328 
0.824,46.315 
0.825,46.302 
0.825,46.289 
0.826,46.276 
0.826,46.263 
0.827,46.251 
0.827,46.238 
0.828,46.225 
0.828,46.212 
0.829,46.199 
0.829,46.186 
0.830,46.174 
0.830,46.161 
0.831,46.148 
0.831,46.135 
0.832,46.123 
0.832,46.110 
0.833,46.097 
0.833,46.084 
0.833,46.072 
0.834,46.059 
0.834,46.046 
0.835,46.033 
0.835,46.021 
0.836,46.008 
0.836,45.995 
0.837,45.983 
0.837,45.970 
0.838,45.957 
0.838,45.945 
0.839,45.932 
0.839,45.919 
0.840,45.907 
0.840,45.894 
0.841,45.881 
0.841,45.869 
0.842,45.856 
0.842,45.844 
0.843,45.831 
0.843,45.818 
0.844,45.806 
0.844,45.793 
0.845,45.780 
0.845,45.768 
0.846,45.755 
0.846,45.743 
0.847,45.730 
0.847,45.718 
0.848,45.705 
0.848,45.693 
0.849,45.680 
0.849,45.667 
0.850,45.655 
0.850,45.642 
0.851,45.630 
0.851,45.617 
0.852,45.605 
0.852,45.592 
0.853,45.580 
0.853,45.567 
0.854,45.555 
0.854,45.542 
0.854,45.530 
0.855,45.518 
0.855,45.505 
0.856,45.493 
0.856,45.480 
0.857,45.468 
0.857,45.455 
0.858,45.443 
0.858,45.430 
0.859,45.418 
0.859,45.406 
0.860,45.393 
0.860,45.381 
0.861,45.368 
0.861,45.356 
0.862,45.344 
0.862,45.331 
0.863,45.319 
0.863,45.306 
0.864,45.294 
0.864,45.282 
0.865,45.270 
0.865,45.257 
0.866,45.245 
0.866,45.232 
0.867,45.220 
0.867,45.208 
0.868,45.196 
0.868,45.183 
0.869,45.171 
0.869,45.159 
0.870,45.146 
0.870,45.134 
0.871,45.122 
0.871,45.110 
0.872,45.097 
0.872,45.085 
0.873,45.073 
0.873,45.061 
0.874,45.048 
0.874,45.036 
0.875,45.024 
0.875,45.012 
0.875,45.000 
0.876,44.987 
0.876,44.975 
0.877,44.963 
0.877,44.951 
0.878,44.939 
0.878,44.926 
0.879,44.914 
0.879,44.902 
0.880,44.890 
0.880,44.878 
0.881,44.866 
0.881,44.853 
0.882,44.841 
0.882,44.829 
0.883,44.817 
0.883,44.805 
0.884,44.793 
0.884,44.781 
0.885,44.769 
0.885,44.757 
0.886,44.744 
0.886,44.732 
0.887,44.720 
0.887,44.708 
0.888,44.696 
0.888,44.684 
0.889,44.672 
0.889,44.660 
0.890,44.648 
0.890,44.636 
0.891,44.624 
0.891,44.612 
0.892,44.600 
0.892,44.588 
0.893,44.576 
0.893,44.564 
0.894,44.552 
0.894,44.540 
0.895,44.528 
0.895,44.516 
0.896,44.504 
0.896,44.492 
0.896,44.480 
0.897,44.468 
0.897,44.456 
0.898,44.444 
0.898,44.432 
0.899,44.420 
0.899,44.408 
0.900,44.397 
0.900,44.385 
0.901,44.373 
0.901,44.361 
0.902,44.349 
0.902,44.337 
0.903,44.325 
0.903,44.313 
0.904,44.301 
0.904,44.290 
0.905,44.278 
0.905,44.266 
0.906,44.254 
0.906,44.242 
0.907,44.230 
0.907,44.218 
0.908,44.207 
0.908,44.195 
0.909,44.183 
0.909,44.171 
0.910,44.159 
0.910,44.148 
0.911,44.136 
0.911,44.124 
0.912,44.112 
0.912,44.100 
0.913,44.089 
0.913,44.077 
0.914,44.065 
0.914,44.053 
0.915,44.042 
0.915,44.030 
0.916,44.018 
0.916,44.007 
0.917,43.995 
0.917,43.983 
0.917,43.971 
0.918,43.960 
0.918,43.948 
0.919,43.936 
0.919,43.925 
0.920,43.913 
0.920,43.901 
0.921,43.890 
0.921,43.878 
0.922,43.866 
0.922,43.855 
0.923,43.843 
0.923,43.831 
0.924,43.820 
0.924,43.808 
0.925,43.796 
0.925,43.785 
0.926,43.773 
0.926,43.762 
0.927,43.750 
0.927,43.739 
0.928,43.727 
0.928,43.715 
0.929,43.704 
0.929,43.692 
0.930,43.681 
0.930,43.669 
0.931,43.657 
0.931,43.646 
0.932,43.634 
0.932,43.623 
0.933,43.611 
0.933,43.600 
0.934,43.588 
0.934,43.577 
0.935,43.565 
0.935,43.554 
0.936,43.542 
0.936,43.531 
0.937,43.519 
0.937,43.508 
0.938,43.496 
0.938,43.485 
0.938,43.473 
0.939,43.462 
0.939,43.450 
0.940,43.439 
0.940,43.428 
0.941,43.416 
0.941,43.405 
0.942,43.393 
0.942,43.382 
0.943,43.370 
0.943,43.359 
0.944,43.348 
0.944,43.336 
0.945,43.325 
0.945,43.313 
0.946,43.302 
0.946,43.291 
0.947,43.279 
0.947,43.268 
0.948,43.257 
0.948,43.245 
0.949,43.234 
0.949,43.223 
0.950,43.211 
0.950,43.200 
0.951,43.189 
0.951,43.177 
0.952,43.166 
0.952,43.155 
0.953,43.143 
0.953,43.132 
0.954,43.121 
0.954,43.109 
0.955,43.098 
0.955,43.087 
0.956,43.076 
0.956,43.064 
0.957,43.053 
0.957,43.042 
0.958,43.031 
0.958,43.019 
0.958,43.008 
0.959,42.997 
0.959,42.986 
0.960,42.974 
0.960,42.963 
0.961,42.952 
0.961,42.941 
0.962,42.930 
0.962,42.918 
0.963,42.907 
0.963,42.896 
0.964,42.885 
0.964,42.874 
0.965,42.863 
0.965,42.851 
0.966,42.840 
0.966,42.829 
0.967,42.818 
0.967,42.807 
0.968,42.796 
0.968,42.785 
0.969,42.773 
0.969,42.762 
0.970,42.751 
0.970,42.740 
0.971,42.729 
0.971,42.718 
0.972,42.707 
0.972,42.696 
0.973,42.685 
0.973,42.674 
0.974,42.662 
0.974,42.651 
0.975,42.640 
0.975,42.629 
0.976,42.618 
0.976,42.607 
0.977,42.596 
0.977,42.585 
0.978,42.574 
0.978,42.563 
0.979,42.552 
0.979,42.541 
0.979,42.530 
0.980,42.519 
0.980,42.508 
0.981,42.497 
0.981,42.486 
0.982,42.475 
0.982,42.464 
0.983,42.453 
0.983,42.442 
0.984,42.431 
0.984,42.420 
0.985,42.409 
0.985,42.398 
0.986,42.388 
0.986,42.377 
0.987,42.366 
0.987,42.355 
0.988,42.344 
0.988,42.333 
0.989,42.322 
0.989,42.311 
0.990,42.300 
0.990,42.289 
0.991,42.279 
0.991,42.268 
0.992,42.257 
0.992,42.246 
0.993,42.235 
0.993,42.224 
0.994,42.213 
0.994,42.202 
0.995,42.192 
0.995,42.181 
0.996,42.170 
0.996,42.159 
0.997,42.148 
0.997,42.137 
0.998,42.127 
0.998,42.116 
0.999,42.105 
0.999,42.094 
1.000,42.084 
1.000,42.073 
1.000,42.062 
1.001,42.051 
1.001,42.040 
1.002,42.030 
1.002,42.019 
1.003,42.008 
1.003,41.997 
1.004,41.987 
1.004,41.976 
1.005,41.965 
1.005,41.955 
1.006,41.944 
1.006,41.933 
1.007,41.922 
1.007,41.912 
1.008,41.901 
1.008,41.890 
1.009,41.880 
1.009,41.869 
1.010,41.858 
1.010,41.848 
1.011,41.837 
1.011,41.826 
1.012,41.816 
1.012,41.805 
1.013,41.794 
1.013,41.784 
1.014,41.773 
1.014,41.762 
1.015,41.752 
1.015,41.741 
1.016,41.730 
1.016,41.720 
1.017,41.709 
1.017,41.699 
1.018,41.688 
1.018,41.678 
1.019,41.667 
1.019,41.656 
1.020,41.646 
1.020,41.635 
1.021,41.625 
1.021,41.614 
1.021,41.604 
1.022,41.593 
1.022,41.582 
1.023,41.572 
1.023,41.561 
1.024,41.551 
1.024,41.540 
1.025,41.530 
1.025,41.519 
1.026,41.509 
1.026,41.498 
1.027,41.488 
1.027,41.477 
1.028,41.467 
1.028,41.456 
1.029,41.446 
1.029,41.435 
1.030,41.425 
1.030,41.414 
1.031,41.404 
1.031,41.394 
1.032,41.383 
1.032,41.373 
1.033,41.362 
1.033,41.352 
1.034,41.342 
1.034,41.331 
1.035,41.321 
1.035,41.310 
1.036,41.300 
1.036,41.289 
1.037,41.279 
1.037,41.269 
1.038,41.258 
1.038,41.248 
1.039,41.238 
1.039,41.227 
1.040,41.217 
1.040,41.206 
1.041,41.196 
1.041,41.186 
1.042,41.175 
1.042,41.165 
1.042,41.155 
1.043,41.144 
1.043,41.134 
1.044,41.124 
1.044,41.113 
1.045,41.103 
1.045,41.093 
1.046,41.082 
1.046,41.072 
1.047,41.062 
1.047,41.052 
1.048,41.041 
1.048,41.031 
1.049,41.021 
1.049,41.011 
1.050,41.000 
1.050,40.990 
1.051,40.980 
1.051,40.970 
1.052,40.959 
1.052,40.949 
1.053,40.939 
1.053,40.929 
1.054,40.918 
1.054,40.908 
1.055,40.898 
1.055,40.888 
1.056,40.878 
1.056,40.868 
1.057,40.857 
1.057,40.847 
1.058,40.837 
1.058,40.827 
1.059,40.817 
1.059,40.806 
1.060,40.796 
1.060,40.786 
1.061,40.776 
1.061,40.766 
1.062,40.756 
1.062,40.746 
1.062,40.735 
1.063,40.725 
1.063,40.715 
1.064,40.705 
1.064,40.695 
1.065,40.685 
1.065,40.675 
1.066,40.665 
1.066,40.655 
1.067,40.645 
1.067,40.634 
1.068,40.624 
1.068,40.614 
1.069,40.604 
1.069,40.594 
1.070,40.584 
1.070,40.574 
1.071,40.564 
1.071,40.554 
1.072,40.544 
1.072,40.534 
1.073,40.524 
1.073,40.514 
1.074,40.504 
1.074,40.494 
1.075,40.484 
1.075,40.474 
1.076,40.464 
1.076,40.454 
1.077,40.444 
1.077,40.434 
1.078,40.424 
1.078,40.414 
1.079,40.404 
1.079,40.394 
1.080,40.384 
1.080,40.374 
1.081,40.364 
1.081,40.354 
1.082,40.344 
1.082,40.334 
1.083,40.324 
1.083,40.314 
1.083,40.305 
1.084,40.295 
1.084,40.285 
1.085,40.275 
1.085,40.265 
1.086,40.255 
1.086,40.245 
1.087,40.235 
1.087,40.225 
1.088,40.215 
1.088,40.206 
1.089,40.196 
1.089,40.186 
1.090,40.176 
1.090,40.166 
1.091,40.156 
1.091,40.147 
1.092,40.137 
1.092,40.127 
1.093,40.117 
1.093,40.107 
1.094,40.097 
1.094,40.088 
1.095,40.078 
1.095,40.068 
1.096,40.058 
1.096,40.049 
1.097,40.039 
1.097,40.029 
1.098,40.019 
1.098,40.009 
1.099,39.999 
1.099,39.990 
1.100,39.980 
1.100,39.970 
1.101,39.960 
1.101,39.951 
1.102,39.941 
1.102,39.931 
1.103,39.921 
1.103,39.912 
1.104,39.902 
1.104,39.892 
1.104,39.883 
1.105,39.873 
1.105,39.863 
1.106,39.854 
1.106,39.844 
1.107,39.834 
1.107,39.824 
1.108,39.815 
1.108,39.805 
1.109,39.796 
1.109,39.786 
1.110,39.776 
1.110,39.766 
1.111,39.757 
1.111,39.747 
1.112,39.738 
1.112,39.728 
1.113,39.718 
1.113,39.709 
1.114,39.699 
1.114,39.689 
1.115,39.680 
1.115,39.670 
1.116,39.661 
1.116,39.651 
1.117,39.642 
1.117,39.632 
1.118,39.622 
1.118,39.613 
1.119,39.603 
1.119,39.593 
1.120,39.584 
1.120,39.574 
1.121,39.565 
1.121,39.555 
1.122,39.546 
1.122,39.536 
1.123,39.527 
1.123,39.517 
1.124,39.508 
1.124,39.498 
1.125,39.489 
1.125,39.479 
1.125,39.470 
1.126,39.460 
1.126,39.451 
1.127,39.441 
1.127,39.432 
1.128,39.422 
1.128,39.413 
1.129,39.403 
1.129,39.394 
1.130,39.384 
1.130,39.375 
1.131,39.365 
1.131,39.356 
1.132,39.346 
1.132,39.337 
1.133,39.327 
1.133,39.318 
1.134,39.309 
1.134,39.299 
1.135,39.290 
1.135,39.280 
1.136,39.271 
1.136,39.262 
1.137,39.252 
1.137,39.243 
1.138,39.233 
1.138,39.224 
1.139,39.215 
1.139,39.205 
1.140,39.196 
1.140,39.187 
1.141,39.177 
1.141,39.168 
1.142,39.158 
1.142,39.149 
1.143,39.140 
1.143,39.130 
1.144,39.121 
1.144,39.112 
1.145,39.102 
1.145,39.093 
1.146,39.084 
1.146,39.074 
1.146,39.065 
1.147,39.056 
1.147,39.046 
1.148,39.037 
1.148,39.028 
1.149,39.019 
1.149,39.009 
1.150,39.000 
1.150,38.991 
1.151,38.982 
1.151,38.972 
1.152,38.963 
1.152,38.954 
1.153,38.945 
1.153,38.935 
1.154,38.926 
1.154,38.917 
1.155,38.908 
1.155,38.898 
1.156,38.889 
1.156,38.880 
1.157,38.871 
1.157,38.861 
1.158,38.852 
1.158,38.843 
1.159,38.834 
1.159,38.825 
1.160,38.815 
1.160,38.806 
1.161,38.797 
1.161,38.788 
1.162,38.779 
1.162,38.769 
1.163,38.760 
1.163,38.751 
1.164,38.742 
1.164,38.733 
1.165,38.724 
1.165,38.715 
1.166,38.706 
1.166,38.696 
1.167,38.687 
1.167,38.678 
1.167,38.669 
1.168,38.660 
1.168,38.651 
1.169,38.642 
1.169,38.633 
1.170,38.623 
1.170,38.614 
1.171,38.605 
1.171,38.596 
1.172,38.587 
1.172,38.578 
1.173,38.569 
1.173,38.560 
1.174,38.551 
1.174,38.542 
1.175,38.533 
1.175,38.524 
1.176,38.515 
1.176,38.506 
1.177,38.497 
1.177,38.488 
1.178,38.478 
1.178,38.470 
1.179,38.460 
1.179,38.452 
1.180,38.442 
1.180,38.434 
1.181,38.424 
1.181,38.416 
1.182,38.406 
1.182,38.398 
1.183,38.388 
1.183,38.380 
1.184,38.370 
1.184,38.362 
1.185,38.353 
1.185,38.344 
1.186,38.335 
1.186,38.326 
1.187,38.317 
1.187,38.308 
1.188,38.299 
1.188,38.290 
1.188,38.281 
1.189,38.272 
1.189,38.263 
1.190,38.254 
1.190,38.245 
1.191,38.237 
1.191,38.228 
1.192,38.219 
1.192,38.210 
1.193,38.201 
1.193,38.192 
1.194,38.183 
1.194,38.174 
1.195,38.165 
1.195,38.156 
1.196,38.148 
1.196,38.139 
1.197,38.130 
1.197,38.121 
1.198,38.112 
1.198,38.103 
1.199,38.095 
1.199,38.086 
1.200,38.077 
1.200,38.068 
1.201,38.059 
1.201,38.050 
1.202,38.042 
1.202,38.033 
1.203,38.024 
1.203,38.015 
1.204,38.007 
1.204,37.998 
1.205,37.989 
1.205,37.980 
1.206,37.971 
1.206,37.962 
1.207,37.954 
1.207,37.945 
1.208,37.936 
1.208,37.927 
1.208,37.919 
1.209,37.910 
1.209,37.901 
1.210,37.892 
1.210,37.884 
1.211,37.875 
1.211,37.866 
1.212,37.857 
1.212,37.849 
1.213,37.840 
1.213,37.832 
1.214,37.823 
1.214,37.814 
1.215,37.805 
1.215,37.797 
1.216,37.788 
1.216,37.779 
1.217,37.770 
1.217,37.762 
1.218,37.753 
1.218,37.745 
1.219,37.736 
1.219,37.727 
1.220,37.719 
1.220,37.710 
1.221,37.701 
1.221,37.693 
1.222,37.684 
1.222,37.675 
1.223,37.667 
1.223,37.658 
1.224,37.649 
1.224,37.641 
1.225,37.632 
1.225,37.624 
1.226,37.615 
1.226,37.607 
1.227,37.598 
1.227,37.589 
1.228,37.581 
1.228,37.572 
1.229,37.563 
1.229,37.555 
1.229,37.546 
1.230,37.538 
1.230,37.529 
1.231,37.521 
1.231,37.512 
1.232,37.504 
1.232,37.495 
1.233,37.487 
1.233,37.478 
1.234,37.470 
1.234,37.461 
1.235,37.453 
1.235,37.444 
1.236,37.435 
1.236,37.427 
1.237,37.418 
1.237,37.410 
1.238,37.401 
1.238,37.393 
1.239,37.384 
1.239,37.376 
1.240,37.368 
1.240,37.359 
1.241,37.351 
1.241,37.342 
1.242,37.334 
1.242,37.325 
1.243,37.317 
1.243,37.308 
1.244,37.300 
1.244,37.291 
1.245,37.283 
1.245,37.274 
1.246,37.266 
1.246,37.257 
1.247,37.249 
1.247,37.241 
1.248,37.232 
1.248,37.224 
1.249,37.216 
1.249,37.207 
1.250,37.199 
1.250,37.190 
1.250,37.182 
1.251,37.173 
1.251,37.165 
1.252,37.157 
1.252,37.148 
1.253,37.140 
1.253,37.132 
1.254,37.123 
1.254,37.115 
1.255,37.106 
1.255,37.098 
1.256,37.090 
1.256,37.082 
1.257,37.073 
1.257,37.065 
1.258,37.056 
1.258,37.048 
1.259,37.040 
1.259,37.032 
1.260,37.023 
1.260,37.015 
1.261,37.006 
1.261,36.998 
1.262,36.990 
1.262,36.982 
1.263,36.973 
1.263,36.965 
1.264,36.957 
1.264,36.949 
1.265,36.940 
1.265,36.932 
1.266,36.924 
1.266,36.916 
1.267,36.907 
1.267,36.899 
1.268,36.891 
1.268,36.883 
1.269,36.874 
1.269,36.866 
1.270,36.858 
1.270,36.850 
1.271,36.841 
1.271,36.833 
1.271,36.825 
1.272,36.817 
1.272,36.808 
1.273,36.800 
1.273,36.792 
1.274,36.784 
1.274,36.776 
1.275,36.768 
1.275,36.759 
1.276,36.751 
1.276,36.743 
1.277,36.735 
1.277,36.727 
1.278,36.718 
1.278,36.710 
1.279,36.702 
1.279,36.694 
1.280,36.686 
1.280,36.678 
1.281,36.670 
1.281,36.661 
1.282,36.653 
1.282,36.645 
1.283,36.637 
1.283,36.629 
1.284,36.621 
1.284,36.613 
1.285,36.605 
1.285,36.596 
1.286,36.588 
1.286,36.580 
1.287,36.572 
1.287,36.564 
1.288,36.556 
1.288,36.548 
1.289,36.540 
1.289,36.532 
1.290,36.524 
1.290,36.515 
1.291,36.508 
1.291,36.499 
1.292,36.491 
1.292,36.483 
1.292,36.475 
1.293,36.467 
1.293,36.459 
1.294,36.451 
1.294,36.443 
1.295,36.435 
1.295,36.427 
1.296,36.419 
1.296,36.411 
1.297,36.403 
1.297,36.395 
1.298,36.387 
1.298,36.379 
1.299,36.371 
1.299,36.363 
1.300,36.355 
1.300,36.347 
1.301,36.339 
1.301,36.331 
1.302,36.323 
1.302,36.315 
1.303,36.307 
1.303,36.299 
1.304,36.291 
1.304,36.283 
1.305,36.275 
1.305,36.268 
1.306,36.259 
1.306,36.252 
1.307,36.244 
1.307,36.236 
1.308,36.228 
1.308,36.220 
1.309,36.212 
1.309,36.204 
1.310,36.196 
1.310,36.188 
1.311,36.180 
1.311,36.173 
1.312,36.164 
1.312,36.157 
1.312,36.149 
1.313,36.141 
1.313,36.133 
1.314,36.125 
1.314,36.117 
1.315,36.109 
1.315,36.101 
1.316,36.094 
1.316,36.086 
1.317,36.078 
1.317,36.070 
1.318,36.062 
1.318,36.054 
1.319,36.047 
1.319,36.039 
1.320,36.031 
1.320,36.023 
1.321,36.015 
1.321,36.007 
1.322,36.000 
1.322,35.992 
1.323,35.984 
1.323,35.976 
1.324,35.968 
1.324,35.961 
1.325,35.953 
1.325,35.945 
1.326,35.937 
1.326,35.929 
1.327,35.922 
1.327,35.914 
1.328,35.906 
1.328,35.898 
1.329,35.891 
1.329,35.883 
1.330,35.875 
1.330,35.867 
1.331,35.860 
1.331,35.852 
1.332,35.844 
1.332,35.836 
1.333,35.829 
1.333,35.821 
1.333,35.813 
1.334,35.805 
1.334,35.798 
1.335,35.790 
1.335,35.782 
1.336,35.775 
1.336,35.767 
1.337,35.759 
1.337,35.752 
1.338,35.744 
1.338,35.736 
1.339,35.728 
1.339,35.721 
1.340,35.713 
1.340,35.706 
1.341,35.698 
1.341,35.690 
1.342,35.682 
1.342,35.675 
1.343,35.667 
1.343,35.660 
1.344,35.652 
1.344,35.644 
1.345,35.637 
1.345,35.629 
1.346,35.621 
1.346,35.614 
1.347,35.606 
1.347,35.599 
1.348,35.591 
1.348,35.583 
1.349,35.576 
1.349,35.568 
1.350,35.560 
1.350,35.553 
1.351,35.545 
1.351,35.538 
1.352,35.530 
1.352,35.523 
1.353,35.515 
1.353,35.507 
1.354,35.500 
1.354,35.492 
1.354,35.485 
1.355,35.477 
1.355,35.469 
1.356,35.462 
1.356,35.454 
1.357,35.447 
1.357,35.439 
1.358,35.432 
1.358,35.424 
1.359,35.417 
1.359,35.409 
1.360,35.402 
1.360,35.394 
1.361,35.387 
1.361,35.379 
1.362,35.372 
1.362,35.364 
1.363,35.357 
1.363,35.349 
1.364,35.342 
1.364,35.334 
1.365,35.327 
1.365,35.319 
1.366,35.312 
1.366,35.304 
1.367,35.297 
1.367,35.289 
1.368,35.282 
1.368,35.274 
1.369,35.267 
1.369,35.259 
1.370,35.252 
1.370,35.245 
1.371,35.237 
1.371,35.230 
1.372,35.222 
1.372,35.215 
1.373,35.208 
1.373,35.200 
1.374,35.193 
1.374,35.185 
1.375,35.178 
1.375,35.170 
1.375,35.163 
1.376,35.155 
1.376,35.148 
1.377,35.141 
1.377,35.133 
1.378,35.126 
1.378,35.119 
1.379,35.111 
1.379,35.104 
1.380,35.096 
1.380,35.089 
1.381,35.082 
1.381,35.074 
1.382,35.067 
1.382,35.060 
1.383,35.052 
1.383,35.045 
1.384,35.037 
1.384,35.030 
1.385,35.023 
1.385,35.016 
1.386,35.008 
1.386,35.001 
1.387,34.994 
1.387,34.986 
1.388,34.979 
1.388,34.972 
1.389,34.964 
1.389,34.957 
1.390,34.950 
1.390,34.943 
1.391,34.935 
1.391,34.928 
1.392,34.920 
1.392,34.913 
1.393,34.906 
1.393,34.899 
1.394,34.891 
1.394,34.884 
1.395,34.877 
1.395,34.870 
1.396,34.862 
1.396,34.855 
1.396,34.848 
1.397,34.841 
1.397,34.833 
1.398,34.826 
1.398,34.819 
1.399,34.812 
1.399,34.804 
1.400,34.797 
1.400,34.790 
1.401,34.783 
1.401,34.775 
1.402,34.768 
1.402,34.761 
1.403,34.754 
1.403,34.747 
1.404,34.740 
1.404,34.732 
1.405,34.725 
1.405,34.718 
1.406,34.711 
1.406,34.704 
1.407,34.697 
1.407,34.689 
1.408,34.682 
1.408,34.675 
1.409,34.668 
1.409,34.661 
1.410,34.654 
1.410,34.646 
1.411,34.639 
1.411,34.632 
1.412,34.625 
1.412,34.618 
1.413,34.611 
1.413,34.603 
1.414,34.596 
1.414,34.589 
1.415,34.582 
1.415,34.575 
1.416,34.568 
1.416,34.561 
1.417,34.554 
1.417,34.546 
1.417,34.539 
1.418,34.532 
1.418,34.525 
1.419,34.518 
1.419,34.511 
1.420,34.504 
1.420,34.497 
1.421,34.490 
1.421,34.483 
1.422,34.476 
1.422,34.469 
1.423,34.461 
1.423,34.455 
1.424,34.447 
1.424,34.440 
1.425,34.433 
1.425,34.426 
1.426,34.419 
1.426,34.412 
1.427,34.405 
1.427,34.398 
1.428,34.391 
1.428,34.384 
1.429,34.377 
1.429,34.370 
1.430,34.363 
1.430,34.356 
1.431,34.349 
1.431,34.342 
1.432,34.335 
1.432,34.328 
1.433,34.321 
1.433,34.314 
1.434,34.307 
1.434,34.300 
1.435,34.293 
1.435,34.286 
1.436,34.279 
1.436,34.272 
1.437,34.265 
1.437,34.258 
1.438,34.251 
1.438,34.244 
1.438,34.237 
1.439,34.230 
1.439,34.223 
1.440,34.217 
1.440,34.209 
1.441,34.203 
1.441,34.196 
1.442,34.189 
1.442,34.182 
1.443,34.175 
1.443,34.168 
1.444,34.161 
1.444,34.154 
1.445,34.147 
1.445,34.140 
1.446,34.134 
1.446,34.126 
1.447,34.120 
1.447,34.113 
1.448,34.106 
1.448,34.099 
1.449,34.092 
1.449,34.085 
1.450,34.078 
1.450,34.071 
1.451,34.065 
1.451,34.058 
1.452,34.051 
1.452,34.044 
1.453,34.037 
1.453,34.030 
1.454,34.024 
1.454,34.017 
1.455,34.010 
1.455,34.003 
1.456,33.996 
1.456,33.989 
1.457,33.983 
1.457,33.976 
1.458,33.969 
1.458,33.962 
1.458,33.955 
1.459,33.948 
1.459,33.942 
1.460,33.935 
1.460,33.928 
1.461,33.921 
1.461,33.914 
1.462,33.907 
1.462,33.901 
1.463,33.894 
1.463,33.887 
1.464,33.880 
1.464,33.874 
1.465,33.867 
1.465,33.860 
1.466,33.853 
1.466,33.847 
1.467,33.840 
1.467,33.833 
1.468,33.826 
1.468,33.820 
1.469,33.813 
1.469,33.806 
1.470,33.799 
1.470,33.793 
1.471,33.786 
1.471,33.779 
1.472,33.772 
1.472,33.766 
1.473,33.759 
1.473,33.752 
1.474,33.745 
1.474,33.739 
1.475,33.732 
1.475,33.725 
1.476,33.719 
1.476,33.712 
1.477,33.705 
1.477,33.699 
1.478,33.692 
1.478,33.685 
1.479,33.679 
1.479,33.672 
1.479,33.665 
1.480,33.659 
1.480,33.652 
1.481,33.645 
1.481,33.638 
1.482,33.632 
1.482,33.625 
1.483,33.619 
1.483,33.612 
1.484,33.605 
1.484,33.599 
1.485,33.592 
1.485,33.585 
1.486,33.579 
1.486,33.572 
1.487,33.566 
1.487,33.559 
1.488,33.552 
1.488,33.546 
1.489,33.539 
1.489,33.532 
1.490,33.526 
1.490,33.519 
1.491,33.513 
1.491,33.506 
1.492,33.499 
1.492,33.493 
1.493,33.486 
1.493,33.480 
1.494,33.473 
1.494,33.466 
1.495,33.460 
1.495,33.453 
1.496,33.447 
1.496,33.440 
1.497,33.434 
1.497,33.427 
1.498,33.421 
1.498,33.414 
1.499,33.408 
1.499,33.401 
1.500,33.394 
1.500,33.388 
1.500,33.381 
1.501,33.375 
1.501,33.368 
1.502,33.362 
1.502,33.355 
1.503,33.349 
1.503,33.342 
1.504,33.336 
1.504,33.329 
1.505,33.323 
1.505,33.316 
1.506,33.310 
1.506,33.303 
1.507,33.297 
1.507,33.290 
1.508,33.284 
1.508,33.277 
1.509,33.271 
1.509,33.264 
1.510,33.258 
1.510,33.251 
1.511,33.245 
1.511,33.238 
1.512,33.232 
1.512,33.225 
1.513,33.219 
1.513,33.213 
1.514,33.206 
1.514,33.200 
1.515,33.193 
1.515,33.187 
1.516,33.180 
1.516,33.174 
1.517,33.167 
1.517,33.161 
1.518,33.154 
1.518,33.148 
1.519,33.142 
1.519,33.135 
1.520,33.129 
1.520,33.123 
1.521,33.116 
1.521,33.110 
1.521,33.103 
1.522,33.097 
1.522,33.090 
1.523,33.084 
1.523,33.078 
1.524,33.071 
1.524,33.065 
1.525,33.059 
1.525,33.052 
1.526,33.046 
1.526,33.039 
1.527,33.033 
1.527,33.027 
1.528,33.020 
1.528,33.014 
1.529,33.008 
1.529,33.001 
1.530,32.995 
1.530,32.989 
1.531,32.982 
1.531,32.976 
1.532,32.970 
1.532,32.963 
1.533,32.957 
1.533,32.951 
1.534,32.944 
1.534,32.938 
1.535,32.932 
1.535,32.925 
1.536,32.919 
1.536,32.913 
1.537,32.906 
1.537,32.900 
1.538,32.894 
1.538,32.887 
1.539,32.881 
1.539,32.875 
1.540,32.869 
1.540,32.862 
1.541,32.856 
1.541,32.850 
1.542,32.844 
1.542,32.837 
1.542,32.831 
1.543,32.825 
1.543,32.819 
1.544,32.812 
1.544,32.806 
1.545,32.800 
1.545,32.794 
1.546,32.787 
1.546,32.781 
1.547,32.775 
1.547,32.769 
1.548,32.762 
1.548,32.756 
1.549,32.750 
1.549,32.744 
1.550,32.737 
1.550,32.731 
1.551,32.725 
1.551,32.719 
1.552,32.712 
1.552,32.706 
1.553,32.700 
1.553,32.694 
1.554,32.688 
1.554,32.682 
1.555,32.675 
1.555,32.669 
1.556,32.663 
1.556,32.657 
1.557,32.651 
1.557,32.644 
1.558,32.638 
1.558,32.632 
1.559,32.626 
1.559,32.620 
1.560,32.614 
1.560,32.607 
1.561,32.601 
1.561,32.595 
1.562,32.589 
1.562,32.583 
1.562,32.577 
1.563,32.571 
1.563,32.564 
1.564,32.558 
1.564,32.552 
1.565,32.546 
1.565,32.540 
1.566,32.534 
1.566,32.528 
1.567,32.522 
1.567,32.515 
1.568,32.509 
1.568,32.503 
1.569,32.497 
1.569,32.491 
1.570,32.485 
1.570,32.479 
1.571,32.473 
1.571,32.467 
1.572,32.461 
1.572,32.454 
1.573,32.448 
1.573,32.442 
1.574,32.436 
1.574,32.430 
1.575,32.424 
1.575,32.418 
1.576,32.412 
1.576,32.406 
1.577,32.400 
1.577,32.394 
1.578,32.388 
1.578,32.382 
1.579,32.376 
1.579,32.370 
1.580,32.364 
1.580,32.357 
1.581,32.352 
1.581,32.345 
1.582,32.340 
1.582,32.333 
1.583,32.327 
1.583,32.321 
1.583,32.315 
1.584,32.309 
1.584,32.303 
1.585,32.297 
1.585,32.291 
1.586,32.285 
1.586,32.279 
1.587,32.273 
1.587,32.267 
1.588,32.261 
1.588,32.255 
1.589,32.249 
1.589,32.243 
1.590,32.237 
1.590,32.232 
1.591,32.225 
1.591,32.220 
1.592,32.214 
1.592,32.208 
1.593,32.202 
1.593,32.196 
1.594,32.190 
1.594,32.184 
1.595,32.178 
1.595,32.172 
1.596,32.166 
1.596,32.160 
1.597,32.154 
1.597,32.148 
1.598,32.142 
1.598,32.136 
1.599,32.130 
1.599,32.125 
1.600,32.118 
1.600,32.113 
1.601,32.107 
1.601,32.101 
1.602,32.095 
1.602,32.089 
1.603,32.083 
1.603,32.077 
1.604,32.071 
1.604,32.065 
1.604,32.059 
1.605,32.054 
1.605,32.048 
1.606,32.042 
1.606,32.036 
1.607,32.030 
1.607,32.024 
1.608,32.018 
1.608,32.012 
1.609,32.007 
1.609,32.001 
1.610,31.995 
1.610,31.989 
1.611,31.983 
1.611,31.977 
1.612,31.972 
1.612,31.966 
1.613,31.960 
1.613,31.954 
1.614,31.948 
1.614,31.942 
1.615,31.937 
1.615,31.931 
1.616,31.925 
1.616,31.919 
1.617,31.913 
1.617,31.907 
1.618,31.902 
1.618,31.896 
1.619,31.890 
1.619,31.884 
1.620,31.878 
1.620,31.872 
1.621,31.867 
1.621,31.861 
1.622,31.855 
1.622,31.849 
1.623,31.844 
1.623,31.838 
1.624,31.832 
1.624,31.826 
1.625,31.821 
1.625,31.815 
1.625,31.809 
1.626,31.803 
1.626,31.797 
1.627,31.792 
1.627,31.786 
1.628,31.780 
1.628,31.774 
1.629,31.769 
1.629,31.763 
1.630,31.757 
1.630,31.751 
1.631,31.746 
1.631,31.740 
1.632,31.734 
1.632,31.729 
1.633,31.723 
1.633,31.717 
1.634,31.711 
1.634,31.706 
1.635,31.700 
1.635,31.694 
1.636,31.688 
1.636,31.683 
1.637,31.677 
1.637,31.671 
1.638,31.666 
1.638,31.660 
1.639,31.654 
1.639,31.649 
1.640,31.643 
1.640,31.637 
1.641,31.631 
1.641,31.626 
1.642,31.620 
1.642,31.615 
1.643,31.609 
1.643,31.603 
1.644,31.597 
1.644,31.592 
1.645,31.586 
1.645,31.581 
1.646,31.575 
1.646,31.569 
1.646,31.564 
1.647,31.558 
1.647,31.552 
1.648,31.547 
1.648,31.541 
1.649,31.535 
1.649,31.530 
1.650,31.524 
1.650,31.518 
1.651,31.513 
1.651,31.507 
1.652,31.502 
1.652,31.496 
1.653,31.490 
1.653,31.485 
1.654,31.479 
1.654,31.474 
1.655,31.468 
1.655,31.462 
1.656,31.457 
1.656,31.451 
1.657,31.446 
1.657,31.440 
1.658,31.435 
1.658,31.429 
1.659,31.423 
1.659,31.418 
1.660,31.412 
1.660,31.407 
1.661,31.401 
1.661,31.395 
1.662,31.390 
1.662,31.384 
1.663,31.379 
1.663,31.373 
1.664,31.368 
1.664,31.362 
1.665,31.357 
1.665,31.351 
1.666,31.346 
1.666,31.340 
1.667,31.334 
1.667,31.329 
1.667,31.323 
1.668,31.318 
1.668,31.312 
1.669,31.307 
1.669,31.301 
1.670,31.296 
1.670,31.290 
1.671,31.285 
1.671,31.279 
1.672,31.274 
1.672,31.268 
1.673,31.263 
1.673,31.257 
1.674,31.252 
1.674,31.246 
1.675,31.241 
1.675,31.235 
1.676,31.230 
1.676,31.224 
1.677,31.219 
1.677,31.213 
1.678,31.208 
1.678,31.202 
1.679,31.197 
1.679,31.191 
1.680,31.186 
1.680,31.181 
1.681,31.175 
1.681,31.170 
1.682,31.164 
1.682,31.159 
1.683,31.153 
1.683,31.148 
1.684,31.142 
1.684,31.137 
1.685,31.131 
1.685,31.126 
1.686,31.121 
1.686,31.115 
1.687,31.110 
1.687,31.104 
1.688,31.099 
1.688,31.094 
1.688,31.088 
1.689,31.083 
1.689,31.077 
1.690,31.072 
1.690,31.066 
1.691,31.061 
1.691,31.056 
1.692,31.050 
1.692,31.045 
1.693,31.040 
1.693,31.034 
1.694,31.029 
1.694,31.023 
1.695,31.018 
1.695,31.012 
1.696,31.007 
1.696,31.002 
1.697,30.996 
1.697,30.991 
1.698,30.986 
1.698,30.980 
1.699,30.975 
1.699,30.970 
1.700,30.964 
1.700,30.959 
1.701,30.954 
1.701,30.948 
1.702,30.943 
1.702,30.937 
1.703,30.932 
1.703,30.927 
1.704,30.922 
1.704,30.916 
1.705,30.911 
1.705,30.905 
1.706,30.900 
1.706,30.895 
1.707,30.890 
1.707,30.884 
1.708,30.879 
1.708,30.874 
1.708,30.868 
1.709,30.863 
1.709,30.858 
1.710,30.852 
1.710,30.847 
1.711,30.842 
1.711,30.837 
1.712,30.831 
1.712,30.826 
1.713,30.821 
1.713,30.815 
1.714,30.810 
1.714,30.805 
1.715,30.799 
1.715,30.794 
1.716,30.789 
1.716,30.784 
1.717,30.778 
1.717,30.773 
1.718,30.768 
1.718,30.763 
1.719,30.757 
1.719,30.752 
1.720,30.747 
1.720,30.742 
1.721,30.736 
1.721,30.731 
1.722,30.726 
1.722,30.721 
1.723,30.715 
1.723,30.710 
1.724,30.705 
1.724,30.700 
1.725,30.695 
1.725,30.689 
1.726,30.684 
1.726,30.679 
1.727,30.674 
1.727,30.669 
1.728,30.663 
1.728,30.658 
1.729,30.653 
1.729,30.648 
1.729,30.642 
1.730,30.637 
1.730,30.632 
1.731,30.627 
1.731,30.622 
1.732,30.617 
1.732,30.611 
1.733,30.606 
1.733,30.601 
1.734,30.596 
1.734,30.591 
1.735,30.586 
1.735,30.580 
1.736,30.575 
1.736,30.570 
1.737,30.565 
1.737,30.560 
1.738,30.555 
1.738,30.549 
1.739,30.544 
1.739,30.539 
1.740,30.534 
1.740,30.529 
1.741,30.524 
1.741,30.518 
1.742,30.513 
1.742,30.508 
1.743,30.503 
1.743,30.498 
1.744,30.493 
1.744,30.488 
1.745,30.483 
1.745,30.477 
1.746,30.472 
1.746,30.467 
1.747,30.462 
1.747,30.457 
1.748,30.452 
1.748,30.447 
1.749,30.442 
1.749,30.437 
1.750,30.432 
1.750,30.426 
1.750,30.421 
1.751,30.416 
1.751,30.411 
1.752,30.406 
1.752,30.401 
1.753,30.396 
1.753,30.391 
1.754,30.386 
1.754,30.381 
1.755,30.376 
1.755,30.371 
1.756,30.365 
1.756,30.361 
1.757,30.355 
1.757,30.350 
1.758,30.345 
1.758,30.340 
1.759,30.335 
1.759,30.330 
1.760,30.325 
1.760,30.320 
1.761,30.315 
1.761,30.310 
1.762,30.305 
1.762,30.300 
1.763,30.295 
1.763,30.290 
1.764,30.285 
1.764,30.280 
1.765,30.275 
1.765,30.270 
1.766,30.265 
1.766,30.260 
1.767,30.255 
1.767,30.250 
1.768,30.245 
1.768,30.240 
1.769,30.235 
1.769,30.230 
1.770,30.225 
1.770,30.220 
1.771,30.215 
1.771,30.210 
1.771,30.205 
1.772,30.200 
1.772,30.195 
1.773,30.190 
1.773,30.185 
1.774,30.180 
1.774,30.175 
1.775,30.170 
1.775,30.165 
1.776,30.160 
1.776,30.155 
1.777,30.150 
1.777,30.145 
1.778,30.140 
1.778,30.135 
1.779,30.130 
1.779,30.125 
1.780,30.121 
1.780,30.115 
1.781,30.111 
1.781,30.106 
1.782,30.101 
1.782,30.096 
1.783,30.091 
1.783,30.086 
1.784,30.081 
1.784,30.076 
1.785,30.071 
1.785,30.066 
1.786,30.061 
1.786,30.056 
1.787,30.052 
1.787,30.047 
1.788,30.042 
1.788,30.037 
1.789,30.032 
1.789,30.027 
1.790,30.022 
1.790,30.017 
1.791,30.012 
1.791,30.007 
1.792,30.003 
1.792,29.998 
1.792,29.993 
1.793,29.988 
1.793,29.983 
1.794,29.978 
1.794,29.973 
1.795,29.968 
1.795,29.964 
1.796,29.959 
1.796,29.954 
1.797,29.949 
1.797,29.944 
1.798,29.939 
1.798,29.934 
1.799,29.930 
1.799,29.925 
1.800,29.920 
1.800,29.915 
1.801,29.910 
1.801,29.905 
1.802,29.900 
1.802,29.896 
1.803,29.891 
1.803,29.886 
1.804,29.881 
1.804,29.876 
1.805,29.871 
1.805,29.867 
1.806,29.862 
1.806,29.857 
1.807,29.852 
1.807,29.848 
1.808,29.843 
1.808,29.838 
1.809,29.833 
1.809,29.828 
1.810,29.823 
1.810,29.819 
1.811,29.814 
1.811,29.809 
1.812,29.804 
1.812,29.800 
1.812,29.795 
1.813,29.790 
1.813,29.785 
1.814,29.780 
1.814,29.776 
1.815,29.771 
1.815,29.766 
1.816,29.761 
1.816,29.756 
1.817,29.752 
1.817,29.747 
1.818,29.742 
1.818,29.737 
1.819,29.733 
1.819,29.728 
1.820,29.723 
1.820,29.718 
1.821,29.714 
1.821,29.709 
1.822,29.704 
1.822,29.699 
1.823,29.695 
1.823,29.690 
1.824,29.685 
1.824,29.681 
1.825,29.676 
1.825,29.671 
1.826,29.667 
1.826,29.662 
1.827,29.657 
1.827,29.652 
1.828,29.648 
1.828,29.643 
1.829,29.638 
1.829,29.633 
1.830,29.629 
1.830,29.624 
1.831,29.619 
1.831,29.615 
1.832,29.610 
1.832,29.605 
1.833,29.601 
1.833,29.596 
1.833,29.591 
1.834,29.586 
1.834,29.582 
1.835,29.577 
1.835,29.573 
1.836,29.568 
1.836,29.563 
1.837,29.558 
1.837,29.554 
1.838,29.549 
1.838,29.545 
1.839,29.540 
1.839,29.535 
1.840,29.530 
1.840,29.526 
1.841,29.521 
1.841,29.517 
1.842,29.512 
1.842,29.507 
1.843,29.503 
1.843,29.498 
1.844,29.493 
1.844,29.489 
1.845,29.484 
1.845,29.480 
1.846,29.475 
1.846,29.470 
1.847,29.466 
1.847,29.461 
1.848,29.456 
1.848,29.452 
1.849,29.447 
1.849,29.443 
1.850,29.438 
1.850,29.433 
1.851,29.429 
1.851,29.424 
1.852,29.419 
1.852,29.415 
1.853,29.410 
1.853,29.406 
1.854,29.401 
1.854,29.397 
1.854,29.392 
1.855,29.387 
1.855,29.383 
1.856,29.378 
1.856,29.374 
1.857,29.369 
1.857,29.364 
1.858,29.360 
1.858,29.355 
1.859,29.351 
1.859,29.346 
1.860,29.342 
1.860,29.337 
1.861,29.333 
1.861,29.328 
1.862,29.323 
1.862,29.319 
1.863,29.314 
1.863,29.310 
1.864,29.305 
1.864,29.301 
1.865,29.296 
1.865,29.292 
1.866,29.287 
1.866,29.282 
1.867,29.278 
1.867,29.273 
1.868,29.269 
1.868,29.264 
1.869,29.260 
1.869,29.255 
1.870,29.251 
1.870,29.246 
1.871,29.242 
1.871,29.237 
1.872,29.233 
1.872,29.228 
1.873,29.224 
1.873,29.219 
1.874,29.215 
1.874,29.210 
1.875,29.206 
1.875,29.201 
1.875,29.197 
1.876,29.192 
1.876,29.188 
1.877,29.183 
1.877,29.179 
1.878,29.174 
1.878,29.170 
1.879,29.165 
1.879,29.161 
1.880,29.156 
1.880,29.152 
1.881,29.147 
1.881,29.143 
1.882,29.139 
1.882,29.134 
1.883,29.130 
1.883,29.125 
1.884,29.121 
1.884,29.116 
1.885,29.112 
1.885,29.108 
1.886,29.103 
1.886,29.099 
1.887,29.094 
1.887,29.090 
1.888,29.085 
1.888,29.081 
1.889,29.076 
1.889,29.072 
1.890,29.067 
1.890,29.063 
1.891,29.059 
1.891,29.054 
1.892,29.050 
1.892,29.045 
1.893,29.041 
1.893,29.037 
1.894,29.032 
1.894,29.028 
1.895,29.023 
1.895,29.019 
1.896,29.014 
1.896,29.010 
1.896,29.006 
1.897,29.001 
1.897,28.997 
1.898,28.993 
1.898,28.988 
1.899,28.984 
1.899,28.979 
1.900,28.975 
1.900,28.971 
1.901,28.966 
1.901,28.962 
1.902,28.958 
1.902,28.953 
1.903,28.949 
1.903,28.944 
1.904,28.940 
1.904,28.936 
1.905,28.931 
1.905,28.927 
1.906,28.923 
1.906,28.918 
1.907,28.914 
1.907,28.909 
1.908,28.905 
1.908,28.901 
1.909,28.897 
1.909,28.892 
1.910,28.888 
1.910,28.883 
1.911,28.879 
1.911,28.875 
1.912,28.871 
1.912,28.866 
1.913,28.862 
1.913,28.857 
1.914,28.853 
1.914,28.849 
1.915,28.845 
1.915,28.840 
1.916,28.836 
1.916,28.832 
1.917,28.827 
1.917,28.823 
1.917,28.819 
1.918,28.814 
1.918,28.810 
1.919,28.806 
1.919,28.801 
1.920,28.797 
1.920,28.793 
1.921,28.788 
1.921,28.784 
1.922,28.780 
1.922,28.776 
1.923,28.771 
1.923,28.767 
1.924,28.763 
1.924,28.759 
1.925,28.754 
1.925,28.750 
1.926,28.746 
1.926,28.742 
1.927,28.737 
1.927,28.733 
1.928,28.729 
1.928,28.724 
1.929,28.720 
1.929,28.716 
1.930,28.712 
1.930,28.707 
1.931,28.703 
1.931,28.699 
1.932,28.695 
1.932,28.690 
1.933,28.686 
1.933,28.682 
1.934,28.678 
1.934,28.674 
1.935,28.669 
1.935,28.665 
1.936,28.661 
1.936,28.657 
1.937,28.652 
1.937,28.648 
1.938,28.644 
1.938,28.640 
1.938,28.635 
1.939,28.631 
1.939,28.627 
1.940,28.623 
1.940,28.619 
1.941,28.614 
1.941,28.610 
1.942,28.606 
1.942,28.602 
1.943,28.598 
1.943,28.593 
1.944,28.589 
1.944,28.585 
1.945,28.581 
1.945,28.577 
1.946,28.572 
1.946,28.568 
1.947,28.564 
1.947,28.560 
1.948,28.556 
1.948,28.551 
1.949,28.547 
1.949,28.543 
1.950,28.539 
1.950,28.535 
1.951,28.531 
1.951,28.526 
1.952,28.522 
1.952,28.518 
1.953,28.514 
1.953,28.510 
1.954,28.506 
1.954,28.501 
1.955,28.497 
1.955,28.493 
1.956,28.489 
1.956,28.485 
1.957,28.481 
1.957,28.477 
1.958,28.473 
1.958,28.468 
1.958,28.464 
1.959,28.460 
1.959,28.456 
1.960,28.452 
1.960,28.448 
1.961,28.444 
1.961,28.440 
1.962,28.435 
1.962,28.431 
1.963,28.427 
1.963,28.423 
1.964,28.419 
1.964,28.415 
1.965,28.411 
1.965,28.407 
1.966,28.402 
1.966,28.398 
1.967,28.394 
1.967,28.390 
1.968,28.386 
1.968,28.382 
1.969,28.378 
1.969,28.374 
1.970,28.370 
1.970,28.366 
1.971,28.362 
1.971,28.358 
1.972,28.353 
1.972,28.349 
1.973,28.345 
1.973,28.341 
1.974,28.337 
1.974,28.333 
1.975,28.329 
1.975,28.325 
1.976,28.321 
1.976,28.317 
1.977,28.313 
1.977,28.309 
1.978,28.305 
1.978,28.301 
1.979,28.296 
1.979,28.293 
1.979,28.288 
1.980,28.284 
1.980,28.280 
1.981,28.276 
1.981,28.272 
1.982,28.268 
1.982,28.264 
1.983,28.260 
1.983,28.256 
1.984,28.252 
1.984,28.248 
1.985,28.244 
1.985,28.240 
1.986,28.236 
1.986,28.232 
1.987,28.228 
1.987,28.224 
1.988,28.220 
1.988,28.216 
1.989,28.212 
1.989,28.208 
1.990,28.204 
1.990,28.200 
1.991,28.196 
1.991,28.192 
1.992,28.188 
1.992,28.184 
1.993,28.180 
1.993,28.176 
1.994,28.172 
1.994,28.168 
1.995,28.164 
1.995,28.160 
1.996,28.156 
1.996,28.152 
1.997,28.148 
1.997,28.144 
1.998,28.140 
1.998,28.136 
1.999,28.132 
1.999,28.128 
2.000,28.124 
2.000,28.120 
